# Blender v2.79 (sub 7) OBJ File: ''
# www.blender.org
mtllib rgb_mirror_scene.mtl
o Plane.001_Plane.003
v -3.371258 0.039313 1.354246
v -3.406049 0.026087 -0.645408
v -7.370622 0.024090 1.423930
v -7.405413 0.010865 -0.575724
vn -0.0039 1.0000 -0.0065
usemtl Material.005
s off
f 1//1 2//1 4//1 3//1
o Plane
v 8.597204 0.111238 7.993798
v 8.319561 0.005693 -7.964116
v -7.360936 0.050498 8.271848
v -7.638580 -0.055047 -7.686067
vn -0.0039 1.0000 -0.0065
usemtl Material.007
s off
f 5//2 6//2 8//2 7//2
o Cube
v 5.049790 0.041992 -0.490124
v 6.439178 0.038022 -1.928730
v 7.877767 0.052756 -0.539398
v 6.488379 0.056726 0.899207
v 5.034109 4.041876 -0.516307
v 6.423498 4.037906 -1.954912
v 7.862087 4.052640 -0.565580
v 6.472699 4.056610 0.873025
vn 0.0039 -1.0000 0.0065
vn -0.0039 1.0000 -0.0065
vn -0.7193 -0.0074 -0.6947
vn 0.6947 -0.0020 -0.7193
vn 0.7193 0.0074 0.6947
vn -0.6947 0.0020 0.7193
usemtl Material
s off
f 9//3 10//3 11//3 12//3
f 13//4 16//4 15//4 14//4
f 9//5 13//5 14//5 10//5
f 10//6 14//6 15//6 11//6
f 11//7 15//7 16//7 12//7
f 13//8 9//8 12//8 16//8
o Cube.001
v 1.038453 0.046736 -0.445769
v 2.427840 0.042766 -1.884374
v 3.866430 0.057500 -0.495043
v 2.477042 0.061470 0.943563
v 1.022772 4.046620 -0.471952
v 2.412160 4.042650 -1.910557
v 3.850749 4.057384 -0.521225
v 2.461362 4.061354 0.917380
vn 0.0039 -1.0000 0.0065
vn -0.0039 1.0000 -0.0065
vn -0.7193 -0.0074 -0.6947
vn 0.6947 -0.0020 -0.7193
vn 0.7193 0.0074 0.6947
vn -0.6947 0.0020 0.7193
usemtl Material.001
s off
f 17//9 18//9 19//9 20//9
f 21//10 24//10 23//10 22//10
f 17//11 21//11 22//11 18//11
f 18//12 22//12 23//12 19//12
f 19//13 23//13 24//13 20//13
f 21//14 17//14 20//14 24//14
o Cube.002
v 8.410358 0.107846 8.024078
v 8.132021 0.002040 -7.973148
v 8.331989 0.002802 -7.976631
v 8.610327 0.108607 8.020597
v 8.400949 2.507776 8.008366
v 8.122612 2.401971 -7.988863
v 8.322580 2.402732 -7.992340
v 8.600918 2.508537 8.004886
vn 0.0039 -1.0000 0.0065
vn -0.0039 1.0000 -0.0065
vn -0.9998 -0.0038 0.0174
vn -0.0174 -0.0066 -0.9998
vn 0.9998 0.0038 -0.0174
vn 0.0174 0.0066 0.9998
usemtl Material.002
s off
f 25//15 26//15 27//15 28//15
f 29//16 32//16 31//16 30//16
f 25//17 29//17 30//17 26//17
f 26//18 30//18 31//18 27//18
f 27//19 31//19 32//19 28//19
f 29//20 25//20 28//20 32//20
o Cube.003
v -6.882540 0.039757 1.348558
v -5.493153 0.035786 -0.090048
v -4.054563 0.050520 1.299284
v -5.443951 0.054490 2.737890
v -6.906061 6.039582 1.309283
v -5.516673 6.035612 -0.129321
v -4.078084 6.050345 1.260011
v -5.467471 6.054316 2.698616
vn 0.0039 -1.0000 0.0065
vn -0.0039 1.0000 -0.0065
vn -0.7193 -0.0074 -0.6947
vn 0.6947 -0.0020 -0.7193
vn 0.7193 0.0074 0.6947
vn -0.6947 0.0020 0.7193
usemtl Material.003
s off
f 33//21 34//21 35//21 36//21
f 37//22 40//22 39//22 38//22
f 33//23 37//23 38//23 34//23
f 34//24 38//24 39//24 35//24
f 35//25 39//25 40//25 36//25
f 37//26 33//26 36//26 40//26
o Cube.004
v 3.120400 0.069748 1.555383
v 4.509788 0.065778 0.116777
v 5.948378 0.080512 1.506109
v 4.558990 0.084482 2.944715
v 3.112560 2.069690 1.542291
v 4.501949 2.065720 0.103686
v 5.940537 2.080454 1.493018
v 4.551150 2.084424 2.931623
vn 0.0039 -1.0000 0.0065
vn -0.0039 1.0000 -0.0065
vn -0.7193 -0.0074 -0.6947
vn 0.6947 -0.0020 -0.7193
vn 0.7193 0.0074 0.6947
vn -0.6947 0.0020 0.7193
usemtl Material.004
s off
f 41//27 42//27 43//27 44//27
f 45//28 48//28 47//28 46//28
f 41//29 45//29 46//29 42//29
f 42//30 46//30 47//30 43//30
f 43//31 47//31 48//31 44//31
f 45//32 41//32 44//32 48//32
o Plane.002_Plane.004
v 8.528950 0.086587 1.449337
v 8.459368 0.060136 -2.549970
v 0.530222 0.056142 1.588704
v 0.460640 0.029691 -2.410603
vn -0.0039 1.0000 -0.0065
usemtl Material.006
s off
f 49//33 50//33 52//33 51//33
o Cube.005
v -7.403748 0.082324 8.087150
v 8.593708 0.143213 7.808416
v 8.597186 0.144536 8.008381
v -7.400271 0.083646 8.287115
v -7.442945 10.082033 8.021694
v 8.554511 10.142922 7.742959
v 8.557982 10.144245 7.942925
v -7.439470 10.083355 8.221660
vn 0.0039 -1.0000 0.0065
vn -0.0039 1.0000 -0.0065
vn -0.0174 -0.0066 -0.9998
vn 0.9998 0.0038 -0.0174
vn 0.0174 0.0066 0.9998
vn -0.9998 -0.0038 0.0174
usemtl Material.008
s off
f 53//34 54//34 55//34 56//34
f 57//35 60//35 59//35 58//35
f 53//36 57//36 58//36 54//36
f 54//37 58//37 59//37 55//37
f 55//38 59//38 60//38 56//38
f 57//39 53//39 56//39 60//39
o Cube.006
v -7.262248 0.048612 8.297152
v -7.540586 -0.057194 -7.700076
v -7.340618 -0.056433 -7.703559
v -7.062280 0.049373 8.293671
v -7.271657 2.448542 8.281438
v -7.549994 2.342736 -7.715790
v -7.350026 2.343498 -7.719267
v -7.071688 2.449303 8.277958
vn 0.0039 -1.0000 0.0065
vn -0.0039 1.0000 -0.0065
vn -0.9998 -0.0038 0.0174
vn -0.0174 -0.0066 -0.9998
vn 0.9998 0.0038 -0.0174
vn 0.0174 0.0066 0.9998
usemtl Material.009
s off
f 61//40 62//40 63//40 64//40
f 65//41 68//41 67//41 66//41
f 61//42 65//42 66//42 62//42
f 62//43 66//43 67//43 63//43
f 63//44 67//44 68//44 64//44
f 65//45 61//45 64//45 68//45
